QGC WPL 110
0	0	0	16	0.000000	0.000000	0.000000	0.000000	-35.363262	149.165237	584.090027	1
1	0	3	22	15.000000	0.000000	0.000000	0.000000	-35.361982	149.164954	41.029999	1
2	0	0	212	1.000000	0.000000	0.000000	0.000000	0.000000	0.000000	0.000000	1
3	0	3	16	0.000000	0.000000	0.000000	0.000000	-35.359839	149.161695	100.000000	1
4	0	3	16	0.000000	0.000000	0.000000	0.000000	-35.360780	149.163687	100.000000	1
5	0	3	16	0.000000	0.000000	0.000000	0.000000	-35.361077	149.161938	100.000000	1
6	0	3	16	0.000000	0.000000	0.000000	0.000000	-35.359608	149.163333	100.000000	1
7	0	0	177	3.000000	-1.000000	0.000000	0.000000	0.000000	0.000000	0.000000	1
8	0	3	16	0.000000	0.000000	0.000000	0.000000	-35.359272	149.163757	100.000000	1
