QGC WPL 110
0	0	0	16	0.000000	0.000000	0.000000	0.000000	-35.362348	149.164529	581.729980	1
1	0	3	22	8.000000	0.000000	0.000000	0.000000	-35.361795	149.164959	20.000000	1
2	0	3	16	0.000000	0.000000	0.000000	0.000000	-35.365570	149.164516	70.000000	1
3	0	3	16	0.000000	0.000000	0.000000	0.000000	-35.365854	149.158046	70.000000	1
4	0	3	16	0.000000	0.000000	0.000000	0.000000	-35.361897	149.158046	70.000000	1
5	0	0	42702	6.000000	0.000000	100.000000	2.000000	0.000000	0.000000	0.000000	1
6	0	3	16	0.000000	0.000000	0.000000	0.000000	-35.358204	149.158021	70.000000	1
7	0	3	16	0.000000	0.000000	0.000000	0.000000	-35.358346	149.161281	70.000000	1
8	0	3	16	0.000000	0.000000	0.000000	0.000000	-35.358163	149.164541	70.000000	1
9	0	0	177	2.000000	-1.000000	0.000000	0.000000	0.000000	0.000000	0.000000	1
